0, 34, 81, 0, 33, 83, 64, 0, 63, 0
34, 0, 90, 0, 0, 20, 0, 0, 71, 0
81, 90, 0, 34, 96, 0, 47, 58, 0, 0
0, 0, 34, 0, 0, 62, 11, 0, 72, 0
33, 0, 96, 0, 0, 0, 80, 99, 0, 0
83, 20, 0, 62, 0, 0, 0, 31, 0, 0
64, 0, 47, 11, 80, 0, 0, 61, 0, 0
0, 0, 58, 0, 99, 31, 61, 0, 11, 36
63, 71, 0, 72, 0, 0, 0, 11, 0, 4
0, 0, 0, 0, 0, 0, 0, 36, 4, 0
